1000
2090 1658 2366 4107 4876 4063 1295 4424 2198 735 2934 1431 3993 2844 4825 1501 1602 746 3110 2642 1856 4985 1 3570 3780 1670 130 3635 1335 2810 1272 1714 1202 3183 4862 1914 1943 2103 2415 3352 3731 1408 3040 4861 4012 4652 2398 322 2298 1642 4040 1556 40 1751 855 4598 2664 4958 1434 2673 3687 1331 4751 1705 3249 2261 4240 4499 2095 2941 1541 3390 3012 1830 674 400 3569 3166 4586 4595 1030 660 1649 3664 1142 885 4229 4074 2182 4162 2042 587 4651 2122 4167 2390 3306 2071 2160 4789 364 299 244 1967 1874 4767 2072 1689 3865 4509 2836 370 330 560 12 3271 4963 982 3300 168 3030 2506 408 915 2146 2435 3920 1889 4262 1507 2408 1772 3895 4214 149 3118 4323 1279 1450 110 1951 633 4044 3151 1775 4632 3651 1372 474 4423 595 1265 520 3268 2874 2766 4099 922 1228 4288 2159 1291 3038 3379 3018 2758 1869 398 1298 1505 1841 1432 3484 1570 987 243 256 1900 4313 1942 4869 531 4220 2107 846 2863 1774 4715 2059 4933 4223 3016 768 3025 1314 441 3019 2691 4217 4669 953 1188 177 3453 3641 220 2117 533 1615 1158 3351 930 1153 3251 2578 388 2311 3571 4601 2338 1912 521 1208 2460 3233 2234 2497 2422 4794 529 3100 2436 4186 2531 535 2098 3397 1699 1829 3091 46 414 1100 2083 1384 2200 4809 565 4607 4828 188 4190 4085 3346 1262 278 961 3671 1209 1461 2079 957 3308 4737 3599 706 3761 2696 1704 4739 4867 1034 1801 2962 509 1038 1141 2353 3077 669 4089 4165 2808 4550 2567 3432 163 2852 4596 4184 265 2315 1598 1315 4340 947 648 1222 549 4708 3133 4352 928 4259 4577 4243 3927 3510 1134 4449 589 3087 2123 199 2525 81 2563 1625 671 482 2858 2289 3648 4513 2897 3819 161 3992 95 30 360 3573 1354 1321 1084 4835 4124 4337 2386 3171 1679 3021 4404 919 1221 636 3172 3901 4031 3613 1510 1112 3169 2726 2077 2811 2538 865 1671 4134 3464 784 3739 2310 4310 2155 2385 1099 3793 730 3208 4623 4041 4106 1966 787 753 4438 4572 4903 1039 4122 2777 383 867 2448 4947 2455 131 931 4928 4333 1638 2795 2453 10 1573 569 2935 1118 4579 254 3071 4017 3031 93 4103 2334 2850 2537 3998 1542 1919 1486 1436 4131 4141 86 169 3424 3773 100 4203 4289 1263 3592 2690 473 884 769 3627 573 2229 929 490 2855 3145 988 2920 4219 4344 3274 4198 2848 3679 2145 3997 4373 3313 3497 4072 4975 455 3807 3831 1974 3549 3923 4744 4644 2940 3791 2492 2391 3986 4287 4097 1623 2440 757 3583 54 2486 2293 23 2037 628 3932 1027 2099 1252 2677 401 3663 790 4559 523 3513 2458 3199 3948 4492 3764 856 1575 4555 2727 3874 1267 3061 3282 3516 352 2698 1110 3858 252 3365 1473 70 2031 1637 1713 2026 248 4831 2565 3491 2825 2029 1270 614 3658 2685 4197 210 1712 3655 442 3430 3557 1244 1722 3286 3301 4535 1466 2862 851 770 419 219 4605 1133 176 2419 2205 4051 4694 926 1443 1108 576 4121 334 1972 4945 616 3610 3756 1794 2498 734 1894 1320 3134 637 1374 2674 3776 3832 464 4772 3190 20 836 3670 3512 1361 715 528 3164 2384 603 1803 1977 3051 2670 994 2723 3319 4752 4110 925 4684 3524 1903 2226 2008 1984 4015 4330 4276 3436 1843 2393 193 2868 1595 1987 285 2367 4503 3256 3785 293 4858 1056 611 2684 2877 653 1055 287 2579 725 4077 1755 2599 2255 2555 480 2190 2768 4666 1667 3006 4463 729 282 2192 691 2972 1659 4452 271 3585 4369 609 2307 2438 3007 25 3399 1726 1121 4495 2381 4917 4407 2741 2838 1711 245 3240 2566 2127 967 1218 361 2464 4440 446 2286 952 128 1852 2765 3487 1229 2321 2814 1381 1877 3843 2157 4111 4781 3153 542 1051 663 1403 2573 443 3926 2238 4247 941 1703 4326 3433 2610 4395 3961 4358 1306 2731 2175 1238 1373 4390 106 4716 2235 2211 1316 3374 1309 3922 2945 2668 1302 97 1660 4769 1336 1031 2671 3115 2409 2924 597 4997 863 49 2875 4510 4542 2082 1793 2224 2938 204 4096 4194 2594 275 3043 4983 309 1582 3024 4870 3881 2432 3846 3783 1067 96 4365 2217 782 1978 2853 2802 2681 2313 1061 3 1310 4319 2828 2206 2826 3252 2134 1741 1561 4824 4859 3366 4413 4507 126 1021 3734 3710 2949 1326 3514 1371 793 3459 1287 3191 1003 835 3107 2197 1618 1301 642 1691 239 2295 4453 2339 1522 3170 3476 613 2340 2012 3676 3468 416 1944 3681 4518 3964 4982 4311 5000 262 1023 80 1810 843 1747 740 3093 1184 2151 905 4552 428 3949 1913 3917 584 2584 4564 469 1261 127 4455 4818 1846 3056 1212 2120 3628 1075 2666 3965 460 2404 2493 1802 2591 3822 4140 2299 1088 4583 2018 3154 3910 2744 300 747 3276 4810 3692 3109 1071 2942 3746 4603 1004 1960 949 552 894 2412 4430 2181 326 853 2892 4811 1758 1838 862 4329 2014 3086 2975 1857 1564 2280 2614 3330 745 1665 4957 3342 4914 1105 3000 3173 940 913 3969 4445 4487 4049 1035 4482 381 3343 4009 3913 3871 4421 537 2479 563 1904 3940 447 4998 1080 3017 1168 512 1040 439 1492 3187 4285 1058 4556 4692 606 812 1395 257 2208 78 1170 4174 2908 2375 575 2647 2678 4718 2545 1494 3548 3678 3490 1981 2349 453 4534 1721 3659 4496 36 146 3555 143 2786 4878 3369 2661 4237 4887 3665 2861 4860 3135 1181 2622 1682 4193 137 1844 4834 1950 1236 4711 1668 3213 652 4375 3796
100
1111
2470
18
3954
2279
4033
4633
2126
1188
4698
2443
1242
116
457
693
3917
3239
1620
4585
4213
132
224
2931
1450
1767
2170
3508
1380
828
4128
3312
605
2847
487
2793
2818
410
3274
1278
3215
859
1197
2747
1987
4534
3409
2149
3462
1403
1049
2481
1814
1475
3172
2163
4041
2412
1397
3324
669
4239
3757
1190
4044
2954
4035
4118
1566
466
2876
3528
4940
3276
670
1333
21
1183
3200
345
1995
313
3586
2772
2179
3896
4860
810
1010
382
1672
4909
2721
4242
588
4523
1275
2725
3685
3521
547